,0,1,2,3,4,5,6
0,Formula label,Helper lipid,wt_Helper,wt_Dlin,wt_Chol,wt_DMG,wt_pDNA
1,1,18PG,0.173801669881252,27.9333978057350,67.4824247124594,0.875796734015573,3.53457907790872
2,2,18PG,0.176928508910658,28.4359432562049,68.6964906045422,0.891553057942824,1.79908457239932
3,3,18PG,0.177995941417840,28.6075009683619,69.1109453899925,0.896931912497045,1.20662578773076
4,4,18PG,0.303445302131041,48.7697174745163,44.1823101499793,0.573404454500443,6.17112261887286
5,5,18PG,0.313106391814233,50.3224474427720,45.5889862717445,0.591660502034435,3.18379939163479
6,6,18PG,0.316464927964658,50.8622312457635,46.0779965968539,0.598006949238363,2.14530028017956
7,7,18PG,0.403862937527093,64.9088360350323,26.1348182044180,0.339181476140617,8.21330134688196
8,8,18PG,0.421158443586908,67.6885691144119,27.2540466966249,0.353706986483030,4.28251875889331
9,9,18PG,0.427257572145550,68.6688208255333,27.6487341048369,0.358829297137131,2.89635820034708
10,10,18PG,0.483936236012054,77.7782135371358,11.7436985194918,0.152411429382671,9.84174027797773
11,11,18PG,0.508982609242936,81.8036656949151,12.3514997840840,0.160299562696324,5.17555234906157
12,12,18PG,0.517917642140946,83.2397038441342,12.5683265575463,0.163113572134404,3.51093838404422
13,13,18PG,0.345826165643419,27.7905841271542,67.4714276810993,0.875654012941307,3.51650801316173
14,14,18PG,0.352015492137716,28.2879582871174,68.6789785735475,0.891325784254653,1.78972186294271
15,15,18PG,0.354128128316150,28.4577296904397,69.0911584294717,0.896675114442232,1.20030863733017
16,16,18PG,0.603714399122949,48.5144776896380,44.1697409716056,0.573241329873315,6.13882560976014
17,17,18PG,0.622831674286343,50.0507415600186,45.5684240132504,0.591393642049633,3.16660911039503
18,18,18PG,0.629476022646637,50.5846812685231,46.0545465016748,0.597702610488566,2.13359359666698
19,19,18PG,0.803422947594083,64.5630528657613,26.1249237773715,0.339053064825683,8.16954734444738
20,20,18PG,0.837638588109569,67.3126210901349,27.2375146028362,0.353492430562608,4.25873328835671
21,21,18PG,0.849700751021290,68.2819362734725,27.6297402513600,0.358582792141017,2.88003993200523
22,22,18PG,0.962644150808246,77.3580657431628,11.7383713366238,0.152342292427721,9.78857647697743
23,23,18PG,1.01218331999048,81.3390324412346,12.3424462308417,0.160182064364060,5.14615594356910
24,24,18PG,1.02984920196269,82.7586623822352,12.5578619505597,0.162977760941183,3.49064870430124
25,25,18PG,0.684651564027171,27.5092933648974,67.4497675476682,0.875372904575712,3.48091461883153
26,26,18PG,0.696778699838970,27.9965615670767,68.6444956904238,0.890878260376430,1.77128578228417
27,27,18PG,0.700917114906281,28.1628430453263,69.0521996218425,0.896169501364039,1.18787071656090
28,28,18PG,1.19492138613294,48.0119299892761,44.1449932165088,0.572920149904155,6.07523525817801
29,29,18PG,1.23235563825360,49.5160378853065,45.5279585103846,0.590868474861270,3.13277949119400
30,30,18PG,1.24536043704130,50.0385705775533,46.0084058108741,0.597103789884821,2.11055938464656
31,31,18PG,1.58990635682972,63.8824223747897,26.1054478475490,0.338800303372561,8.08342311745909
32,32,18PG,1.65687235845479,66.5731156864972,27.2049952865993,0.353070390141356,4.21194627830738
33,33,18PG,1.68046579732433,67.5210998370502,27.5923874655835,0.358098022248282,2.84794887779369
34,34,18PG,1.90471030690028,76.5312421101605,11.7278877859407,0.152206235380449,9.68395356161801
35,35,18PG,2.00162870398525,80.4254223880579,12.3246441962400,0.159951026966849,5.08835368475004
36,36,18PG,2.03616445365360,81.8130684829781,12.5372914398898,0.162710793858443,3.45076482962004
37,37,18PG,3.16682596253663,25.4486074424673,67.2910892758284,0.873313554858675,3.22016376430903
38,38,18PG,3.21864884443099,25.8650560233077,68.3922606737320,0.887604717601933,1.63642974092737
39,39,18PG,3.23630211453382,26.0069176684494,68.7673705751136,0.892472948521713,1.09693669338146
40,40,18PG,5.51738290623511,44.3376785941494,43.9640562156526,0.570571923160855,5.61031036080210
41,41,18PG,5.67662093239183,45.6173150710240,45.2329095203076,0.587039286106048,2.88611519017046
42,42,18PG,5.73176269028141,46.0604341330818,45.6722945303543,0.592741688745164,1.94276695753734
43,43,18PG,7.33123830450187,58.9138171423241,25.9632734840625,0.336955143781263,7.45471592533029
44,44,18PG,7.61507957957442,61.1947650917040,26.9684854748183,0.350000931365934,3.87166892253737
45,45,18PG,7.71464137038185,61.9948434542351,27.3210793881425,0.354576946514157,2.61485884072646
46,46,18PG,8.77337423005184,70.5028187111389,11.6514515548990,0.151214234844131,8.92114126906611
47,47,18PG,9.18298789130408,73.7944733178639,12.1954376661898,0.158274165806131,4.66882695883606
48,48,18PG,9.32815977068306,74.9610742658496,12.3882327157757,0.160776288032490,3.16175695965919
49,49,18PG,17.1855770667482,13.8103264788706,66.3949108284537,0.861682820476350,1.74750280545115
50,50,18PG,17.3370598705586,13.9320580313480,66.9801508359303,0.869278150510018,0.881453111653010
51,51,18PG,17.3881493316729,13.9731135126320,67.1775303130222,0.871839770104088,0.589367072568745
52,52,18PG,29.6483862181109,23.8254375546106,42.9539393304941,0.557462479142427,3.01477441764201
53,53,18PG,30.1021420570601,24.1900756609275,43.6113309549049,0.565994203366644,1.53045712374076
54,54,18PG,30.2564962913553,24.3141146943992,43.8349560239574,0.568896442074791,1.02553654821341
55,55,18PG,39.1000390510036,31.4207839826191,25.1765729299002,0.326745229438094,3.97585880703899
56,56,18PG,39.8930854261614,32.0580758996305,25.6872166628875,0.333372438159497,2.02824957316112
57,57,18PG,40.1646317501730,32.2762904742223,25.8620657422300,0.335641654970930,1.36137037840379
58,58,18PG,46.5142051279159,37.3788064390684,11.2314620340122,0.145763549687504,4.72976284931601
59,59,18PG,47.6408548549284,38.2841819465035,11.5035063181136,0.149294180018865,2.42216270043560
60,60,18PG,48.0286320586800,38.5957996340605,11.5971401860818,0.150509373991358,1.62791874718632
61,61,18PG,0.168847699219025,27.1371958283865,65.0396550042450,4.22047056525671,3.43383090289266
62,62,18PG,0.171797313845610,27.6112577795422,66.1758381953450,4.29419831972380,1.74690839154335
63,63,18PG,0.172803553772858,27.7729806225680,66.5634389623226,4.31935001568518,1.17142684565139
64,64,18PG,0.297726132470423,47.8505327431056,43.0062232810749,2.79070513933058,6.05481270401852
65,65,18PG,0.307020902783280,49.3443878760245,44.3488429701972,2.87782870845014,3.12191954254488
66,66,18PG,0.310249482525145,49.8632850899505,44.8152078811552,2.90809146705854,2.10316607931065
67,67,18PG,0.399325464118695,64.1795734805568,25.6365060947615,1.66357154511203,8.12102341545100
68,68,18PG,0.416226385221246,66.8958888805381,26.7215372429976,1.73398000627651,4.23236748496653
69,69,18PG,0.422182490033040,67.8531538204788,27.1039163573513,1.75879286539750,2.86195446673929
70,70,18PG,0.481477857127891,77.3831029759112,11.5914940892828,0.752180490624867,9.79174458705328
71,71,18PG,0.506263890684020,81.3667133510169,12.1882134548970,0.790902044700284,5.14790725870187
72,72,18PG,0.515102897161609,82.7873181375799,12.4010109695143,0.804710630350741,3.49185736539345
73,73,18PG,0.335970440729936,26.9985782596033,65.0293581104522,4.21980239232186,3.41629079689269
74,74,18PG,0.341809036050710,27.4677676690989,66.1594578452733,4.29313538688195,1.73783006269509
75,75,18PG,0.343800592736141,27.6278091266546,66.5449371529552,4.31814941980511,1.16530370784896
76,76,18PG,0.592339099170901,47.6003588007423,42.9942192077066,2.78992618627017,6.02315670611003
77,77,18PG,0.610731764794689,49.0783930622317,44.3292286621729,2.87655592172228,3.10509058907845
78,78,18PG,0.617119134180974,49.5916819452476,44.7928481665057,2.90664052889597,2.09171022516981
79,79,18PG,0.794399723965080,63.8379467856780,25.6269093298473,1.66294880404984,8.07779535645970
80,80,18PG,0.827835138138945,66.5248160360028,26.7055178711026,1.73294049757135,4.20889045718431
81,81,18PG,0.839614624744950,67.4714153567622,27.0855177956966,1.75759896933668,2.84585325345965
82,82,18PG,0.957756159756454,76.9652668747346,11.5862626485789,0.751841018628853,9.73887329830120
83,83,18PG,1.00678070855543,80.9048786885454,12.1793272745036,0.790325413984989,5.11868791441055
84,84,18PG,1.02425687959149,82.3092634623072,12.3907417411741,0.804044252647244,3.47169366427998
85,85,18PG,0.665145714967472,26.7255485342300,65.0090767124365,4.21848631763878,3.38174272072726
86,86,18PG,0.676585912388301,27.1852155583594,66.1272026433424,4.29104232334530,1.71995356256459
87,87,18PG,0.680487267387712,27.3419719653237,66.5085077930743,4.31578549212009,1.15324748209422
88,88,18PG,1.17241883050971,47.1077775172388,42.9705837250855,2.78839246259510,5.96082746457095
89,89,18PG,1.20843519913036,48.5549148676538,44.2906276744090,2.87405107552288,3.07197118328392
90,90,18PG,1.22093748166458,49.0572564615904,44.7488516165796,2.90378556073964,2.06916887942576
91,91,18PG,1.57206331938286,63.1654892989934,25.6080190718224,1.66172300145357,7.99270530834781
92,92,18PG,1.63750374370667,65.7948849291710,26.6740064360021,1.73089569760582,4.16270919351446
93,93,18PG,1.66054496298555,66.7206809017958,27.0493348184258,1.75525102959861,2.81418828719426
94,94,18PG,1.89504740690038,76.1429868795885,11.5759674418593,0.751172955169402,9.63482531648248
95,95,18PG,1.99096017436057,79.9967609686765,12.1618541428119,0.789191569748226,5.06123314440280
96,96,18PG,2.02512561734756,81.3695281446434,12.3705550197473,0.802734321596946,3.43205689666479
97,97,18PG,3.07680872899201,24.7252291240393,64.8604874917534,4.20884425492847,3.12863040028685
98,98,18PG,3.12570460117985,25.1181562604168,65.8912340820612,4.27573015160718,1.58917490473506
99,99,18PG,3.14235041592274,25.2519219961923,66.2421352117766,4.29850038138749,1.06509199472086
100,100,18PG,5.41389836998979,43.5060770567022,42.7977636616917,2.77717804286007,5.50508286875622
101,101,18PG,5.56713609778967,44.7374951473355,44.0091332904212,2.85578470000432,2.83045076444925
102,102,18PG,5.62016139820931,45.1636063611697,44.4283070761778,2.88298519214095,1.90493997230227
103,103,18PG,7.24940512546655,58.2562058704465,25.4701105311053,1.65277401584232,7.37150445713939
104,104,18PG,7.52682525504492,60.4855535067855,26.4448003493212,1.71602234776793,3.82679854108044
105,105,18PG,7.62407795638012,61.2670760306872,26.7864886685123,1.73819475156595,2.58416259285446
106,106,18PG,8.72915412198620,70.1474660063996,11.5009016161722,0.746301879089000,8.87617637635292
107,107,18PG,9.13455366943190,73.4052560025495,12.0350267152664,0.780961645638260,4.64420196711400
108,108,18PG,9.27818623870199,74.5594870574130,12.2242665917732,0.793241559000617,3.14481855311125
109,109,18PG,16.7033992154751,13.4228484488284,64.0209156074643,4.15436382410780,1.69847290412438
110,110,18PG,16.8464655417397,13.5378165215426,64.5692613113475,4.18994637605511,0.856510249315023
111,111,18PG,16.8947004888323,13.5765781158989,64.7541365835788,4.20194306706839,0.572641744621529
112,112,18PG,29.1048408090111,23.3886445667113,41.8324707406580,2.71453948243401,2.95950440118561
113,113,18PG,29.5419890419584,23.7399368039876,42.4607851432035,2.75531126145862,1.50197774939184
114,114,18PG,29.6906379672653,23.8593910522360,42.6744386676924,2.76917539421286,1.00635691859348
115,115,18PG,38.6766756071642,31.0805691992614,24.7067094256429,1.60323636231574,3.93280940561584
116,116,18PG,39.4524708493191,31.7039981090560,25.2022884101554,1.63539484342635,2.00584778804317
117,117,18PG,39.7180319376778,31.9174029494098,25.3719291701700,1.64640295585042,1.34623298689194
118,118,18PG,46.2881710507145,37.1971654974010,11.0883533878099,0.719531324195395,4.70677873987920
119,119,18PG,47.4037662465109,38.0936575856427,11.3555947474907,0.736872810589790,2.41010860976583
120,120,18PG,47.7876778929460,38.4021689120716,11.4475609649657,0.742840565397617,1.61975166461916
121,121,18PG,0.130677266341659,21.0024453009085,46.2180705541771,29.9912424726317,2.65756440594106
122,122,18PG,0.132437066511601,21.2852803176214,46.8404784962212,30.3951275176565,1.34667660198933
123,123,18PG,0.133034246870012,21.3812591222246,47.0516898622932,30.5321841108221,0.901832657790073
124,124,18PG,0.249530865182607,40.1045912085732,33.0953753146561,21.4758299921045,5.07467261948354
125,125,18PG,0.256027134632427,41.1486713886949,33.9569780483684,22.0349302788973,2.60339314940700
126,126,18PG,0.258268381751629,41.5088845408723,34.2542355220224,22.2278228177303,1.75078873762329
127,127,18PG,0.358096048381227,57.5531833435714,21.1086300529937,13.6975437224780,7.28254683257569
128,128,18PG,0.371628041462471,59.7280447594664,21.9062982683312,14.2151564348229,3.77887249591709
129,129,18PG,0.376368874759633,60.4899913075678,22.1857554046639,14.3964982051731,2.55138620783556
130,130,18PG,0.457653300237348,73.5540210941110,10.1164557500479,6.56464178892282,9.30722806668097
131,131,18PG,0.479990191130452,77.1440053531040,10.6102141654172,6.88504521945732,4.88074507089105
132,132,18PG,0.487928371104506,78.4198293381110,10.7856881462708,6.99891156316912,3.30764258134459
133,133,18PG,0.260028832684902,20.8959120741215,46.2124073756475,29.9875675948531,2.64408412269296
134,134,18PG,0.263512579827156,21.1758659285513,46.8315400328582,30.3893272837039,1.33975417505941
135,135,18PG,0.264694665772438,21.2708583327460,47.0416207254197,30.5256501745967,0.897176101465278
136,136,18PG,0.496474949917241,39.8967175807229,33.0876326297371,21.4708057074901,5.04836913213271
137,137,18PG,0.509331414881815,40.9298628619975,33.9444532804785,22.0268028658272,2.58954957681495
138,138,18PG,0.513766158005297,41.2862387354834,34.2400072682507,22.2185900002692,1.74139783799143
139,139,18PG,0.712407353675543,57.2490414607245,21.1015438208190,13.6929454148286,7.24406194995230
140,140,18PG,0.739180707875854,59.4005476976385,21.8945720005161,14.2075471742648,3.75815241970467
141,141,18PG,0.748558025052995,60.1541087285498,22.1723286355568,14.3877854769461,2.53721913389433
142,142,18PG,0.910384661922883,73.1584942052235,10.1121158447413,6.56182559277280,9.25717969533945
143,143,18PG,0.954567684874102,76.7090410935232,10.6028796560625,6.88028580293826,4.85322576260201
144,144,18PG,0.970264053205920,77.9704009556511,10.7772273813172,6.99342131119228,3.28868629863349
145,145,18PG,0.514834749057599,20.6860553461129,46.2012516437486,29.9803285592048,2.61752970187612
146,146,18PG,0.521662078988067,20.9603773981235,46.8139359832379,30.3779038877393,1.32612065191130
147,147,18PG,0.523978273687701,21.0534420792405,47.0217912112884,30.5127826585083,0.888005777275072
148,148,18PG,0.982762023534573,39.4873688073834,33.0723855846611,21.4609117889344,4.99657179548660
149,149,18PG,1.00794332959509,40.4991534466464,33.9197991431985,22.0108046166520,2.56229946390807
150,150,18PG,1.01662633329105,40.8480364529971,34.2120038065745,22.2004183501087,1.72291505702866
151,151,18PG,1.40991323222194,56.6503003310233,21.0875936913008,13.6838930742206,7.16829967123334
152,152,18PG,1.46232515693024,58.7562109699161,21.8715010606117,14.1925762733932,3.71738653914881
153,153,18PG,1.48067259821521,59.4934109871551,22.1459175128090,14.3706471071092,2.50935179471137
154,154,18PG,1.80139579500654,72.3800659997628,10.1035745677902,6.55628309597453,9.15868054146599
155,155,18PG,1.88784672011026,75.8536633524896,10.5884559973245,6.87092618577192,4.79910774430376
156,156,18PG,1.91853761587724,77.0868232540302,10.7605934891481,6.98262745746088,3.25141818348360
157,157,18PG,2.38273603755782,19.1476622890443,46.1194725144225,29.9272614867933,2.42286767218210
158,158,18PG,2.41195527993028,19.3824680654588,46.6850307736035,30.2942563587149,1.22628952229254
159,159,18PG,2.42185493101835,19.4620216428697,46.8766452365830,30.4185963787888,0.820881810740198
160,160,18PG,4.54107129095814,36.4920403012249,32.9608183546478,21.3885150011150,4.61755505205420
161,161,18PG,4.64839232835681,37.3544719546806,33.7397951626916,21.8939987231846,2.36334183108642
162,162,18PG,4.68530223086846,37.6510798614209,34.0077012390830,22.0678449266414,1.58807174198629
163,163,18PG,6.50528050668288,52.2764218419826,20.9856862585357,13.6177645991636,6.61484679363518
164,164,18PG,6.72779724691789,54.0645659454503,21.7035133365606,14.0835678162241,3.42055565484717
165,165,18PG,6.80539131271171,54.6881117113408,21.9538276340917,14.2459985863018,2.30667075555405
166,166,18PG,8.30042683142823,66.7022143107419,10.0412745336657,6.51585615025663,8.44022817390755
167,167,18PG,8.66614817119721,69.6411503050834,10.4836985740218,6.80294833110581,4.40605461859185
168,168,18PG,8.79532376079136,70.6792050986274,10.6399661473051,6.90435149711327,2.98115349616290
169,169,18PG,12.9732948379274,10.4253372768660,45.6558041808212,29.6263837293884,1.31917997499706
170,170,18PG,13.0594335540741,10.4945583328617,45.9589447789431,29.8230938705207,0.663969463600485
171,171,18PG,13.0884012165245,10.5178367409254,46.0608881896906,29.8892456919524,0.443628160907108
172,172,18PG,24.5016617269148,19.6895307273826,32.3349739951488,20.9824000397849,2.49143351076893
173,173,18PG,24.8107331873635,19.9379004945147,32.7428572541554,21.2470784561427,1.26143060782367
174,174,18PG,24.9154970894896,20.0220887464391,32.8811147359798,21.3367947426803,0.844504685411209
175,175,18PG,34.8137645335899,27.9763345915026,20.4195160931163,13.2503726568288,3.54001212496237
176,176,18PG,35.4410736864485,28.4804401080362,20.7874553123810,13.4891310949861,1.80189979814824
177,177,18PG,35.6552308641050,28.6525367754767,20.9130661445963,13.5706408785186,1.20852533730331
178,178,18PG,44.0924358433348,35.4326731002421,9.69817055857650,6.29321348285748,4.48350701498914
179,179,18PG,45.1035461716420,36.2452011687408,9.92056517638131,6.43752696949197,2.29316051374390
180,180,18PG,45.4509673840304,36.5243887892748,9.99698078166522,6.48711361210346,1.54054943292612
181,181,DOPE,0.161855236280599,27.9367406604937,67.4905004913584,0.875901542650036,3.53500206921729
182,182,DOPE,0.164767503611634,28.4394074819742,68.7048595955359,0.891661671926546,1.79930374695177
183,183,DOPE,0.165761689038930,28.6110071230427,69.1194156742351,0.897041841079301,1.20677367260398
184,184,DOPE,0.282612910326921,48.7799082967136,44.1915423967570,0.573524271943429,6.17241212425905
185,185,DOPE,0.291612678488367,50.3332975778303,45.5988158146892,0.591788071274047,3.18448585771808
186,186,DOPE,0.294741343960120,50.8733154228277,46.0880381672006,0.598137270200473,2.14576779581108
187,187,DOPE,0.376162597974765,64.9268889118923,26.1420869937481,0.339275811546950,8.21558568483788
188,188,DOPE,0.392276504134075,67.7082015697031,27.2619514855763,0.353809575985057,4.28376086460138
189,189,DOPE,0.397959042034007,68.6890261092849,27.6568695367731,0.358934879957396,2.89721043195060
190,190,DOPE,0.450768648785678,77.8041361428361,11.7476125624138,0.152462226401636,9.84502041956275
191,191,DOPE,0.474106594295101,81.8323415084950,12.3558295326623,0.160355754803826,5.17736660974383
192,192,DOPE,0.482432358238447,83.2693954675186,12.5728096828037,0.163171754786781,3.51219073665254
193,193,DOPE,0.322093605853585,27.7972024319780,67.4874959462801,0.875862549226520,3.51734546666180
194,194,DOPE,0.327859582942406,28.2948156395774,68.6956272110312,0.891541852696119,1.79015571375284
195,195,DOPE,0.329827726238003,28.4646696093819,69.1080075261613,0.896893784472462,1.20060135374639
196,196,DOPE,0.562383955702334,48.5346507259150,44.1881074021930,0.573479692083808,6.14137822410583
197,197,DOPE,0.580200096906151,50.0722127097575,45.5879723041420,0.591647342615245,3.16796754657909
198,198,DOPE,0.586392336545279,50.6066130692430,46.0745141897336,0.597961754051683,2.13451865042646
199,199,DOPE,0.748523365894485,64.5987847901977,26.1393824152593,0.339240711133509,8.17406871751501
200,200,DOPE,0.780419373845970,67.3514621910724,27.2532313441671,0.353696404720110,4.26119068619445
201,201,DOPE,0.791664146809229,68.3219044000475,27.6459130346152,0.358792684877019,2.88172573365096
202,202,DOPE,0.896963028298362,77.4093692593930,11.7461561709343,0.152443325140949,9.79506821623348
203,203,DOPE,0.943154333472352,81.3957540779178,12.3510532148428,0.160293767055687,5.14974460671133
204,204,DOPE,0.959627115344686,82.8173819649713,12.5667721044043,0.163093398215183,3.49312541706453
205,205,DOPE,0.637815697320066,27.5222664009642,67.4815760080123,0.875785719405679,3.48255617429777
206,206,DOPE,0.649118658276224,28.0099983646994,68.6774412431946,0.891305832557483,1.77213590127224
207,207,DOPE,0.652975864852120,28.1764399674875,69.0855377824043,0.896602168866170,1.18844421638990
208,208,DOPE,1.11357020590864,48.0514606209427,44.1813400050498,0.573391863818286,6.08023730428056
209,209,DOPE,1.14848552868328,49.5580852131512,45.5666192974617,0.591370220185343,3.13543974051840
210,210,DOPE,1.16061566360034,50.0815104064633,46.0478872159410,0.597616185308656,2.11237052868675
211,211,DOPE,1.48206765259402,63.9524253327923,26.1340544423113,0.339171563924785,8.09228100837765
212,212,DOPE,1.54456283507671,66.6491433162040,27.2360638536402,0.353473602528298,4.21675639255079
213,213,DOPE,1.56658249085258,67.5993093827769,27.6243476690519,0.358512806422611,2.85124765089607
214,214,DOPE,1.77590469178952,76.6317327019721,11.7432872796875,0.152406092252611,9.69666923429823
215,215,DOPE,1.86639370382432,80.5364072122519,12.3416518591003,0.160171754891931,5.09537546993153
216,216,DOPE,1.89864133883803,81.9279189065824,12.5548914793385,0.162939209733146,3.45560906550789
217,217,DOPE,2.95524133674983,25.5042137378928,67.4381231832133,0.875221782318283,3.22719995982586
218,218,DOPE,3.00370918759755,25.9224991794452,68.5441515996568,0.889575980155381,1.64006405314504
219,219,DOPE,3.02022037047150,26.0649933750448,68.9209340880133,0.894465918152465,1.09938624831799
220,220,DOPE,5.15711488986282,44.5067408831608,44.1316938596096,0.572747548913801,5.63170281845294
221,221,DOPE,5.30653914722100,45.7962965447909,45.4103827625644,0.589342559685887,2.89743898573785
222,222,DOPE,5.35829021039599,46.2429166431108,45.8532393065281,0.595090016397667,1.95046382356748
223,223,DOPE,6.86113195317993,59.2126854892459,26.0949845325609,0.338664508947086,7.49253351606615
224,224,DOPE,7.12817230260785,61.5172871688981,27.1106207038871,0.351845583065059,3.89207424154192
225,225,DOPE,7.22186576163023,62.3258769700199,27.4669656015913,0.356470279034748,2.62882138772387
226,226,DOPE,8.21899456435658,70.9312608324799,11.7222568462638,0.152133156225402,8.97535460067433
227,227,DOPE,8.60516667592839,74.2639890095881,12.2730308665242,0.159281181658395,4.69853226630097
228,228,DOPE,8.74208320937485,75.4456009780746,12.4683066705160,0.161815499476657,3.18219364255790
229,229,DOPE,16.1939986481825,13.9756844105540,67.1898902335889,0.872000178952926,1.76842652872173
230,230,DOPE,16.3384655275703,14.1003616788411,67.7892921465651,0.879779304258280,0.892101342765136
231,231,DOPE,16.3871956584070,14.1424165748958,67.9914764379882,0.882403281432367,0.596508047276576
232,232,DOPE,28.1824348503100,24.3218999794801,43.8489918066064,0.569078600505756,3.07759476309784
233,233,DOPE,28.6228830248197,24.7020139229157,44.5342842058577,0.577972425048477,1.56284642135841
234,234,DOPE,28.7727744500927,24.8313726625929,44.7674999628915,0.580999133101745,1.04735379132115
235,235,DOPE,37.4152978076652,32.2900109878364,25.8730595962290,0.335784334808941,4.08584727346048
236,236,DOPE,38.1956048472824,32.9634286634793,26.4126498633747,0.342787215865548,2.08552940999805
237,237,DOPE,38.4629905069448,33.1941868397972,26.5975497709789,0.345186873789660,1.40008600848947
238,238,DOPE,44.7447187476334,38.6154205543364,11.6030358163104,0.150585888338925,4.88623899338093
239,239,DOPE,45.8652619034036,39.5824675359790,11.8936109441474,0.154357014658558,2.50430260181145
240,240,DOPE,46.2513531837885,39.9156705950599,11.9937307142578,0.155656383613464,1.68358912328034
241,241,DOPE,0.157241245439280,27.1403508216110,65.0472165692702,4.22096124071638,3.43423012296318
242,242,DOPE,0.159988430882593,27.6145239718887,66.1836662710511,4.29470628925559,1.74711503692199
243,243,DOPE,0.160925616094944,27.7762851903081,66.5713590122465,4.31986395349092,1.17156622785947
244,244,DOPE,0.277285286055391,47.8603430047249,43.0150403678962,2.79127728651369,6.05605405480977
245,245,DOPE,0.285943739779074,49.3548203028215,44.3582192352140,2.87843714111346,3.12257958107197
246,246,DOPE,0.288951318064784,49.8739381053394,44.8247824027366,2.90871276473468,2.10361540912451
247,247,DOPE,0.371935180684835,64.1972229263712,25.6435561591457,1.66402902892271,8.12325670487558
248,248,DOPE,0.387681356580838,66.9150641436829,26.7291967945313,1.73447704015205,4.23358066505290
249,249,DOPE,0.393230601485357,67.8728818783550,27.1117967225291,1.75930422803118,2.86278656959936
250,250,DOPE,0.448478000750218,77.4087628352949,11.5953377721663,0.752429910005564,9.79499148178305
251,251,DOPE,0.471573282159144,81.3950835872769,12.1924631349081,0.791177809530184,5.14970218612562
252,252,DOPE,0.479809536217759,82.8166878488194,12.4054103644874,0.804996110293521,3.49309614018189
253,253,DOPE,0.312912113134364,27.0048246663047,65.0444033404040,4.22077868824709,3.41708119190988
254,254,DOPE,0.318351273886454,27.4742330921107,66.1750306026356,4.29414591444492,1.73823911692233
255,255,DOPE,0.320206592635841,27.6343501199414,66.5606919305124,4.31917175879104,1.16557959811934
256,256,DOPE,0.551783088574746,47.6197786385939,43.0117598478742,2.79106441118108,6.02561401377608
257,257,DOPE,0.568923660481579,49.0990378925348,44.3478757560587,2.87776594522052,3.10639674570436
258,258,DOPE,0.574876306776758,49.6127609564701,44.8118874269654,2.90787600036871,2.09259930941905
259,259,DOPE,0.740112117822690,63.8728803912648,25.6409329692031,1.66385880821753,8.08221571349187
260,260,DOPE,0.771280390271492,66.5627530337792,26.7207471829964,1.73392873870782,4.21129065424504
261,261,DOPE,0.782261491972558,67.5104399836699,27.1011837220891,1.75861554270585,2.84749925956258
262,262,DOPE,0.892405539264080,77.0160505378626,11.5939075627480,0.752337102675154,9.74529925745018
263,263,DOPE,0.938116678096351,80.9609962195674,12.1877751430034,0.790873602322401,5.12223835701037
264,264,DOPE,0.954412438092366,82.3673468305698,12.3994855445484,0.804611644414118,3.47414354237529
265,265,DOPE,0.619635885535158,26.7377927275097,65.0388603368655,4.22041899871190,3.38329205137774
266,266,DOPE,0.630298301705951,27.1978846624738,66.1580198503382,4.29304207434369,1.72075511113828
267,267,DOPE,0.633934454883845,27.3547876312424,66.5396815071614,4.31780837712319,1.15378802958914
268,268,DOPE,1.09258270112568,47.1458327096897,43.0052967580403,2.79064501657631,5.96564281456804
269,269,DOPE,1.12617447443241,48.5953450652392,44.3275071300302,2.87644421024818,3.07452912005006
270,270,DOPE,1.13783550238545,49.0985279112887,44.7864984421821,2.90622849066170,2.07090965348212
271,271,DOPE,1.46541683465593,63.2339289881403,25.6357653124420,1.66352347520799,8.00136538955381
272,272,DOPE,1.52648672489695,65.8691444514053,26.7041121041880,1.73284927633280,4.16740744317693
273,273,DOPE,1.54799041414317,66.7970461423245,27.0802941691343,1.75726000440600,2.81740926999209
274,274,DOPE,1.76688347336550,76.2424597854066,11.5910902412961,0.752154284634988,9.64741221529689
275,275,DOPE,1.85643231219312,80.1065650566727,12.1785475849754,0.790274819363850,5.06818022679498
276,276,DOPE,1.88833369721246,81.4831357819640,12.3878267129743,0.803855094345077,3.43684871350421
277,277,DOPE,2.87106008843604,24.7777158634150,64.9981733949126,4.21777879342650,3.13527185980980
278,278,DOPE,2.91678465264892,25.1723262948053,66.0333356909182,4.28495122846279,1.59260213316482
279,279,DOPE,2.93235155043027,25.3066711563617,66.3857560130453,4.30782003974475,1.06740124041799
280,280,DOPE,5.06002568978603,43.6688452840410,42.9578818933631,2.78756823148708,5.52567890132272
281,281,DOPE,5.20379828164413,44.9096261525276,44.1784618665064,2.86677255458592,2.84134114473600
282,282,DOPE,5.25355542560049,45.3390384034560,44.6008829458584,2.89418376596816,1.91233945911697
283,283,DOPE,6.78416206384431,58.5484228164868,25.5978702745266,1.66106443860823,7.40848040653401
284,284,DOPE,7.04513062482163,60.8006239735523,26.5825518471013,1.72496114274866,3.84673241177612
285,285,DOPE,7.13663976986803,61.5903627895376,26.9278323993325,1.74736664916398,2.59779839209789
286,286,DOPE,8.17731820871937,70.5715870999932,11.5704376272139,0.750814121471088,8.92984294260244
287,287,DOPE,8.55949284247765,73.8698163929320,12.1111928784756,0.785904123421580,4.67359376269310
288,288,DOPE,8.69494836394658,75.0388195902549,12.3028546950290,0.798341198236848,3.16503615253265
289,289,DOPE,15.7343558046751,13.5790051553566,64.7657124639804,4.20269423437546,1.71823234161237
290,290,DOPE,15.8707035855997,13.6966755095217,65.3269468280744,4.23911314086742,0.866560935936709
291,291,DOPE,15.9166794945324,13.7363534672448,65.5161927390710,4.25139344581221,0.579380853339585
292,292,DOPE,27.6552001062532,23.8668878139675,42.6878472286241,2.77004548549381,3.02001936566142
293,293,DOPE,28.0791987258751,24.2328055237984,43.3423204644001,2.81251473025165,1.53316055567474
294,294,DOPE,28.2234355864980,24.3572842821475,43.5649607290645,2.82696201911866,1.02735738317136
295,295,DOPE,36.9990935889549,31.9308199728558,25.3825946923330,1.64709504934860,4.04039669650765
296,296,DOPE,37.7619600828163,32.5891861736451,25.9059461893498,1.68105570901535,2.06185184517346
297,297,DOPE,38.0232880381530,32.8147164525334,26.0852257588923,1.69268929080721,1.38408045961405
298,298,DOPE,44.5201260546992,38.4215934048128,11.4533513427273,0.743216307226249,4.86171289053440
299,299,DOPE,45.6293090547884,39.3788363872024,11.7387023452783,0.761732941531183,2.49141927119979
300,300,DOPE,46.0114215290980,39.7086056718803,11.8370054905868,0.768111904199720,1.67485540423514
301,301,DOPE,0.121691418787160,21.0043350180566,46.2222290737795,29.9939409662777,2.65780352309900
302,302,DOPE,0.123330358088321,21.2872212765861,46.8447497787832,30.3978991840080,1.34679940253432
303,303,DOPE,0.123886525751200,21.3832176256611,47.0559997532945,30.5349808304709,0.901915264822209
304,304,DOPE,0.232391226508200,40.1114821857131,33.1010619322691,21.4795200796749,5.07554457583465
305,305,DOPE,0.238442350399292,41.1559258672069,33.9629646369816,22.0388150198336,2.60385212557861
306,306,DOPE,0.240530032520775,41.5162665972917,34.2603273913179,22.2317758760679,1.75110010280167
307,307,DOPE,0.333524277520246,57.5673760032593,21.1138354575502,13.7009215473926,7.28434271427764
308,308,DOPE,0.346130960211250,59.7433304735684,21.9119045695873,14.2187944045247,3.77983959210839
309,309,DOPE,0.350547673461487,60.5056695580434,22.1915056754559,14.4002295977548,2.55204749528431
310,310,DOPE,0.426279353113101,73.5772039910899,10.1196442739104,6.56671084527123,9.31016153661531
311,311,DOPE,0.447091839343031,77.1695068641194,10.6137215862748,6.88732121038756,4.88235849987518
312,312,DOPE,0.454488424077666,78.4461814670135,10.7893125592124,7.00126347111443,3.30875407858199
313,313,DOPE,0.242169866002347,20.8996535971355,46.2206819503640,29.9929370266296,2.64455755986865
314,314,DOPE,0.245414935618824,21.1797083867859,46.8400378311180,30.3948415668628,1.33999727961436
315,315,DOPE,0.246516038354747,21.2747353450756,47.0501949418762,30.5312140460797,0.897339628613683
316,316,DOPE,0.462451989061756,39.9103593533116,33.0989461910325,21.4781471597829,5.05009530681124
317,317,DOPE,0.474431613382485,40.9442204304971,33.9563604743726,22.0345295306352,2.59045795111265
318,318,DOPE,0.478563945979076,41.3008474594606,34.2521227534700,22.2264518268346,1.74201401425570
319,319,DOPE,0.663685448336381,57.2771344208263,21.1118986636865,13.6996647477537,7.24761671939720
320,320,DOPE,0.688640458852546,59.4307924457090,21.9057199754075,14.2147811763345,3.76006594369645
321,321,DOPE,0.697381122210549,60.1851259200053,22.1837613269696,14.3952042336394,2.53852739717516
322,322,DOPE,0.848238660275153,73.2043769941103,10.1184578571289,6.56594097078400,9.26298551770173
323,323,DOPE,0.889432669980137,76.7594870799492,10.6098524028936,6.88481046912199,4.85641737805506
324,324,DOPE,0.904067771433908,78.0225201558306,10.7844314031561,6.99809605341229,3.29088461616713
325,325,DOPE,0.479559672281994,20.6933901300345,46.2176335102787,29.9909588716641,2.61845781574076
326,326,DOPE,0.485921496990145,20.9679080435159,46.8307552963931,30.3888180624985,1.32659710060244
327,327,DOPE,0.488079781064890,21.0610397577770,47.0387602395589,30.5237939844958,0.888326237103394
328,328,DOPE,0.915720952139532,39.5141043088528,33.0947777277717,21.4754422136245,4.99995479761145
329,329,DOPE,0.939200758839942,40.5272770761068,33.9433539037624,22.0260894722720,2.56407878901877
330,330,DOPE,0.947297241385047,40.8766468869369,34.2359662870228,22.2159677781301,1.72412180652516
331,331,DOPE,1.31411991082264,56.7053435975919,21.1080830803077,13.6971887879199,7.17526462335790
332,332,DOPE,1.36302005886930,58.8154247812969,21.8935428995430,14.2068793831510,3.72113287713972
333,333,DOPE,1.38013899415656,59.5541207705247,22.1685162146218,14.3853115692451,2.51191245145179
334,334,DOPE,1.67945718537219,72.4699443099965,10.1161207322200,6.56442439341521,9.17005337899615
335,335,DOPE,1.76016103877832,75.9523812621766,10.6022360864681,6.87986818594298,4.80535342663395
336,336,DOPE,1.78881398346178,77.1887791433574,10.7748255697108,6.99186275815448,3.25571854531559
337,337,DOPE,2.22233638782746,19.1791247394311,46.1952536512500,29.9764364182041,2.42684880328725
338,338,DOPE,2.24963399567870,19.4147075382075,46.7626834632566,30.3446457543801,1.22832924847717
339,339,DOPE,2.25888283519655,19.4945265286085,46.9549372056904,30.4694006075462,0.822252822958392
340,340,DOPE,4.24169140886888,36.6064872457938,33.0641906221353,21.4555940180880,4.63203670511400
341,341,DOPE,4.34225892242786,37.4744012564030,33.8481192765761,21.9642910293365,2.37092951525653
342,342,DOPE,4.37684959539304,37.7729243941484,34.1177552529882,22.1392597775113,1.59321097995907
343,343,DOPE,6.08466005104693,52.5116065935210,21.0800981030092,13.6790291324066,6.64460612001617
344,344,DOPE,6.29375775761776,54.3161538344414,21.8045100061638,14.1491052904345,3.43647311134258
345,345,DOPE,6.36668759336077,54.9455501871280,22.0571729452929,14.3130601111444,2.31752916307390
346,346,DOPE,7.77338569012919,67.0855837195927,10.0989865230181,6.55330588031872,8.48873818694134
347,347,DOPE,8.11794107201600,70.0591527458865,10.5466241801237,6.84378121503439,4.43250078693937
348,348,DOPE,8.23968240110611,71.1098002308273,10.7047874426692,6.94641450760562,2.99931541779172
349,349,DOPE,12.1889860033369,10.5192933115636,46.0672669669012,29.8933849269249,1.33106879127337
350,350,DOPE,12.2706514090327,10.5897718858836,46.3759146300553,30.0936686426507,0.669993432377666
351,351,DOPE,12.2981169342880,10.6134750812140,46.4797183167586,30.1610276106937,0.447662057045595
352,352,DOPE,23.2062456989792,20.0273677483052,32.8897841344751,21.3424203784813,2.53418203975923
353,353,DOPE,23.5040635778813,20.2843894251487,33.3118759228469,21.6163188129893,1.28335226113386
354,354,DOPE,23.6050421921193,20.3715356127868,33.4549910508848,21.7091872615208,0.859243882688286
355,355,DOPE,33.2129875509074,28.6633488385054,20.9209577107446,13.5757617732466,3.62694412659601
356,356,DOPE,33.8264202318254,29.1927512265062,21.3073607452865,13.8265015155628,1.84696628081919
357,357,DOPE,34.0359644943461,29.3735913356512,21.4393532873005,13.9121524370456,1.23893844565659
358,358,DOPE,42.3421442554829,36.5419596627665,10.0017900526876,6.49023438308369,4.62387164597931
359,359,DOPE,43.3442351552378,37.4067804195123,10.2384975451703,6.64383559830136,2.36665128177833
360,360,DOPE,43.6888897113539,37.7042229111158,10.3199096363997,6.69666449701973,1.59031324411090
361,361,DOTAP,0.144249737867323,27.9367212130860,67.4904535096687,0.875900932914826,3.55267460646315
362,362,DOTAP,0.146858439104072,28.4419461116319,68.7109925008826,0.891741265665146,1.80846168271631
363,363,DOTAP,0.147749101063838,28.6144398383655,69.1277085412520,0.897149467114968,1.21295305220369
364,364,DOTAP,0.251872092596273,48.7798490052760,44.1914886824273,0.573523574831036,6.20326664486937
365,365,DOTAP,0.259934301508292,50.3412499898927,45.6060202020504,0.591881570862250,3.20091393568639
366,366,DOTAP,0.262737636717621,50.8841694805464,46.0978712638300,0.598264885560323,2.15695673334572
367,367,DOTAP,0.335245911018041,64.9267838708474,26.1420447001440,0.339275262654397,8.25665025533613
368,368,DOTAP,0.349681917484464,67.7225926816315,27.2677459061357,0.353884776818800,4.30609471792954
369,369,DOTAP,0.354774222164870,68.7088148979896,27.6648372716282,0.359038286380526,2.91253532183684
370,370,DOTAP,0.401736639007676,77.8039853033385,11.7475897872239,0.152461930821905,9.89422633960806
371,371,DOTAP,0.422645384485107,81.8533638460963,12.3590036862425,0.160396949431178,5.20459013374484
372,372,DOTAP,0.430107156020702,83.2984786464946,12.5772009393053,0.163228745153069,3.53098451302624
373,373,DOTAP,0.287058282825521,27.7971639247618,67.4874024564550,0.875861335901956,3.55251400005570
374,374,DOTAP,0.292249382947668,28.2998418465581,68.7078300981405,0.891700223541883,1.80837844881187
375,375,DOTAP,0.294021724782934,28.4714657970698,69.1245076646253,0.897107925672028,1.21289688784997
376,376,DOTAP,0.501210836972745,48.5345333326149,44.1880005221047,0.573478304978460,6.20277700332919
377,377,DOTAP,0.517252857623615,50.0879554228170,45.6023051711776,0.591833356650638,3.20065319173111
378,378,DOTAP,0.522830858476678,50.6280987085598,46.0940756725821,0.598215625824433,2.15677913455700
379,379,DOTAP,0.667102463651912,64.5985768263504,26.1392982643492,0.339239619010744,8.25578282663777
380,380,DOTAP,0.695825379754491,67.3799479104443,27.2647578630398,0.353845997560413,4.30562284920095
381,381,DOTAP,0.705957333168665,68.3610712111192,27.6617615719509,0.358998369502262,2.91221151425896
382,382,DOTAP,0.799395037264230,77.4090706345551,11.7461108573758,0.152442737054989,9.89298073374994
383,383,DOTAP,0.840994762160418,81.4373618957663,12.3573668165561,0.160375705898044,5.20390081961916
384,384,DOTAP,0.855840458369662,82.8749384291575,12.5755057657613,0.163206744943981,3.53050860176748
385,385,DOTAP,0.568437332777608,27.5221909025660,67.4813908942276,0.875783316972026,3.55219755345681
386,386,DOTAP,0.578715898776510,28.0198511358306,68.7015991564379,0.891619357473182,1.80821445148180
387,387,DOTAP,0.582225192131272,28.1897615834272,69.1182009223319,0.897026075852222,1.21278622625746
388,388,DOTAP,0.992439642291477,48.0512304864862,44.1811284058906,0.573389117653587,6.20181234767804
389,389,DOTAP,1.02419909526908,49.5889368921150,45.5949861462611,0.591738369279550,3.20013949707529
390,390,DOTAP,1.03524215968321,50.1236120610909,46.0865979542586,0.598118578907202,2.15642924606008
391,391,DOTAP,1.32085103577167,63.9520176880823,26.1338878589646,0.339169401981855,8.25407401519961
392,392,DOTAP,1.37770962171720,66.7049559041497,27.2588715767929,0.353769604480400,4.30469329285979
393,393,DOTAP,1.39776613676358,67.6760378583367,27.6557026356090,0.358919735744177,2.91157363354651
394,394,DOTAP,1.58272301745479,76.6311473938993,11.7431975852410,0.152404928185024,9.89052707521983
395,395,DOTAP,1.66506486300240,80.6179157881518,12.3541424891409,0.160333860107356,5.20254299959749
396,396,DOTAP,1.69444968753593,82.0406491376638,12.5721666138294,0.163163408943996,3.52957115202685
397,397,DOTAP,2.63375888544924,25.5038895782810,67.4372660418776,0.875210658213221,3.54987483617895
398,398,DOTAP,2.68135119104957,25.9647475989268,68.6558646736837,0.891025808696611,1.80701072764331
399,399,DOTAP,2.69759983049153,26.1220905920210,69.0719102832190,0.896425309197447,1.21197398507103
400,400,DOTAP,4.59606069076027,44.5057537346415,44.1307150295406,0.572734845514638,6.19473569954304
401,401,DOTAP,4.74296785213737,45.9283228402341,45.5412965058829,0.591041577308989,3.19637122443656
402,402,DOTAP,4.79404635823092,46.4229393316793,46.0317449895334,0.597406689143874,2.15386263141250
403,403,DOTAP,6.11464906956500,59.2109382304084,26.0942145169475,0.338654515572333,8.24154366750674
404,404,DOTAP,6.37744919990669,61.7557518587254,27.2157119075910,0.353209472009030,4.29787756176791
